primal@cygnus:~/umbc/spring13/ml/hw2$ python lr_bc.py 
[ 0.10850031 -0.19876999  0.18013037  0.40201183 -0.82285402  0.36575199
  0.89630375  1.0413878  -0.81049549 -0.93735977  0.31584421 -0.61377081
  0.29398199  0.32301017 -0.71148735 -0.15875619 -0.09939284 -0.27754546
 -0.68826964 -0.30180833  0.5007983  -0.07563226  0.52736455  0.5979743
 -0.47403411  0.47304064  0.65878205  0.91709881 -0.21604314 -0.07473157]
36 38 130
accuracy:  0.947368421053


primal@cygnus:~/umbc/spring13/ml/hw2$ python lr_bc.py 
[ -7.24932348   0.90722907  -5.97517834   0.42616671  -5.07530761
   3.00802514   7.9242671   12.49260154  -5.95451019  -8.84114701
   7.54095106  -1.68797553   5.81602374   5.66077901  -0.38607673
  -2.60432506  -3.75878681  -3.58967252  -1.53952977  -2.4844138
   0.9073933    3.77158812   0.94153911   5.1358092   -0.06427138
   2.31908126   1.40695592   4.14046647   2.55178118   0.82675983]
42 43 145
accuracy:  0.976744186047
-----------------------------------------------------------------
count = 10000

python m_lr_bc.py 
[-18.81744849   2.20771913 -14.68141516   3.43156113 -11.48154784
   0.4142682   21.9230974   28.39086015  -4.97384441 -17.96908208
  17.29605201  -1.97261204  12.77345807  15.14686682  -5.58377147
  -9.36253881  -9.43569909  -5.58015815  -6.10853381  -6.89736002
   2.80425196   4.59676559   3.59617615  15.09156915   3.94418386
   0.86594514  -3.96872162   4.67076254   7.74522569   7.93982303]
   
accuracy:  0.948051948052

count = 10000

primal@cygnus:~/umbc/spring13/ml/hw2$ python m_lr_bc.py 
[-19.48350032   6.39418332 -16.12171414   3.49888681 -11.51536513
   3.55882374  20.13869334  29.48527289  -6.36889504 -13.98842564
  21.66240731  -7.05979663  16.6019298   14.58632401  -5.78250498
 -14.08468776  -6.92241405  -5.0100194   -3.91854089  -3.97563595
   2.54122399   3.15539177   2.23036147  14.38110313   2.89673757
  -4.09301676  -1.62449065   3.85784397  10.84511491   6.02041385]
accuracy:  0.888888888889


