0.39168945
0.7498829
0.66259367
-0.31860277
0.36730404
-0.84648152
0.54064541
-1.1127424
0.92159799
-0.43889552
0.94322466
0.35512149
0.79104259
-0.83137173
0.11547885
-1.1793395
0.13854129
-0.52358404
-0.036926552
-0.84137322
-0.059342193
-0.55288643
-0.13331558
0.32981907
0.5833944
0.50576856
0.69622253
0.026440136
0.2317274
0.45491467
0.17395034
0.2074608
0.078268092
-0.19206711
0.43100154
0.51458813
0.4835987
1.0811861
0.028204642
0.57142189
0.26648719
0.35117255
0.5003572
0.30803665
-0.092420267
0.38354421
0.1947007
0.10367191
0.076427832
-0.054773947
-0.077359928
-0.56689027
0.50366471
0.2117683
0.83865485
0.97761203
0.88542277
0.056876235
0.42361493
0.72091444
0.80019964
0.50125149
0.23340511
-0.12767384
-0.069604235
-0.19496624
-0.063327018
0.0010772144
-0.087443186
1.0850837
1.0252669
0.97335337
0.37106803
0.023633415
-0.087579039
-0.114335
-0.01500367
0.031365591
-0.0080220405
1.1587905
0.93623141
-0.11885804
-0.039978751
0.015941025
0.85028348
0.65578731
0.93825508
1.1389265
0.943654
1.0169281
0.086417538
0.0093009489
-0.00073316425
0.045201809
-0.070518895
-0.078937803
1.0088291
0.89095922
0.84765019
0.87444335
1.1099999
1.1346647
1.1273437
-0.004309327
0.039373298
-0.54140082
-0.30287755
-0.78746902
1.1000182
0.75386685
0.15035848
0.73358797
0.59039933
0.83256355
1.0216192
1.0021991
0.96286232
