0.46361418
0.43714808
1.2122058
-0.14134905
0.26696613
-1.7083968
0.60992894
-2.7147614
1.3075723
0.2215096
1.3491918
0.027866993
1.0413832
-1.7471872
-0.19528049
-4.7960906
1.4030264
-4.4263956
1.305531
-2.8943596
1.5022278
0.18154807
1.6421665
0.27310884
0.32808199
0.66454681
0.97044341
-0.079853918
0.78205409
1.4239528
1.1124262
1.2802317
1.0483298
0.64966539
0.8752
0.52978387
0.77144004
1.4603572
-0.17478973
0.59909357
-0.1034355
0.46753843
0.63586079
0.29308498
-0.24782596
1.2392637
1.3045796
1.424824
1.426902
1.2257799
0.60702971
-0.57880333
0.43332738
0.26718534
1.0765964
1.4081417
1.4488116
0.029846985
0.15200924
1.2513063
0.85564738
0.55159347
0.16975691
1.1303096
1.1783228
1.6548208
0.8869508
1.207197
0.70280552
1.3868071
1.3470031
0.90146132
0.45483518
0.4120063
1.3033389
1.1755383
1.2661863
1.2684373
1.2924423
1.6698401
1.1246187
0.93950556
1.1848281
1.3186207
0.52306234
0.90911489
1.16112
1.5289848
1.1900289
1.2712353
-0.61705702
1.3488261
1.3316617
1.4272616
1.625611
0.78095652
1.332603
1.0611305
0.97200826
1.1336215
1.4501769
1.5420616
1.3995914
1.2042967
1.447787
0.32227562
1.1908035
-0.33089021
1.4698797
0.95322464
0.17411547
0.95755937
1.4864501
0.9211662
1.3090051
1.2507765
1.3284914
